Null
41.2
84.2, 42.2, 50.2, 7.2, 73.2, 72.2, 81.2, 48.2, 49.2, 9.2
149.2
176.2, 99.2, 100.2, 205.2, 125.2, 86.2, 199.2, 188.2, 222.2, 47.2, 207.2, 84.2, 42.2, 50.2, 103.2, 167.2, 7.2, 136.2, 104.2, 73.2, 170.2, 72.2, 81.2, 181.2, 48.2, 139.2, 49.2, 9.2, 14.2, 186.2, 59.2, 226.2, 168.2, 71.2, 164.2, 23.2, 15.2, 133.2, 173.2, 33.2, 135.2, 200.2, 60.2, 213.2, 132.2
Null
1643.2, 6046.2, 792.2, 4234.2, 1018.2, 136.2, 3458.2, 5376.2, 5868.2, 5425.2, 877.2, 3533.2, 6699.2, 7023.2, 6070.2, 3462.2, 104.2, 5980.2, 6825.2, 2412.2, 3391.2, 6215.2, 1351.2, 2988.2, 6099.2, 5878.2, 2612.2, 3971.2, 4365.2, 2742.2, 339.2, 6303.2, 5350.2, 6944.2, 4808.2, 3861.2, 5501.2, 5127.2, 1974.2, 4841.2, 1133.2, 684.2, 3655.2, 1875.2, 579.2, 1019.2, 3161.2, 1690.2, 5563.2, 4086.2, 6078.2, 4493.2, 5875.2, 5404.2, 1027.2, 4931.2, 5216.2, 1121.2, 2044.2, 3884.2, 4719.2, 6437.2, 3951.2, 7179.2, 4583.2, 1572.2, 7159.2, 5016.2, 715.2, 4856.2, 4548.2, 1486.2
Null
Null
Null
